7107927
7116985
7208103
7350546
60521996
66621003
70264988
70264988
70655367
71267824
71413340
72126930
72253517
72260998
77107411
99506165
123694965
123735963
123973376
130796670
131103628
131177052
131177052
131411551
131479415
131857258
131857258
132350882
132354764
132354799
134569555
137081073
141018860
141018976
199219869
201114348
201616211
201633612
201657880
201702770
201707128
201729156
201796198
201835959
201964260
262533057
273656503
273723421
273751395
